in="./TTI.rsf@"
data_format="native_float"
esize=4
n1=288
n2=288
n3=288
n4=0
d1=12.500000
d2=12.500000
d3=12.500000
d4=0.001000
